1 5 97.0815247
1 6 110.104297
1 7 94.0208074
1 8 90.87957749999998
1 9 91.07412699999998
1 10 91.44186960000002
1 11 93.74528090000001
1 12 92.57459119999999
1 13 92.7027703
1 14 92.6270184
2 5 95.27773790000003
2 6 92.14033829999994
2 7 91.13949060000004
2 8 91.76695050000012
2 9 91.36631179999995
2 10 91.17514419999998
2 11 91.5730243999999
2 12 90.95139999999992
2 13 91.3962876999999
2 14 91.11704630000008
3 5 94.3555824
3 6 90.92621099999974
3 7 91.15885310000021
3 8 91.44213930000024
3 9 91.18600489999972
3 10 91.20452680000017
3 11 92.0198175999999
3 12 91.19896579999977
3 13 91.04257629999984
3 14 91.15504219999957
4 5 91.39022240000031
4 6 91.53719260000025
4 7 91.51239410000017
4 8 91.32207440000002
4 9 92.30173580000019
4 10 91.49375180000015
4 11 92.96372830000018
4 12 91.93928110000024
4 13 91.09532679999984
4 14 91.30897319999985
5 5 91.48624419999987
5 6 91.68614739999975
5 7 91.20078699999976
5 8 91.53998649999994
5 9 91.26756709999972
5 10 90.89972299999954
5 11 91.33977179999965
5 12 90.9707785999999
5 13 91.32418200000029
5 14 91.1927085999996
6 5 93.89563149999958
6 6 92.11504229999991
6 7 90.98479279999992
6 8 90.90326560000085
6 9 91.0700439000002
6 10 91.21305809999922
6 11 91.99171670000032
6 12 90.73394960000041
6 13 90.95698389999961
6 14 91.12554730000011
7 5 91.20277870000064
7 6 90.90746399999989
7 7 92.99575850000019
7 8 91.08456110000043
7 9 91.02059910000025
7 10 91.1418421999997
7 11 91.01316029999998
7 12 91.67410550000022
7 13 97.63618560000032
7 14 104.79620320000049
8 5 105.53926279999996
8 6 97.58734050000021
8 7 97.25296759999947
8 8 95.3353988000008
8 9 98.76712520000001
8 10 94.31451290000041
8 11 94.51561839999977
8 12 88.86567689999993
8 13 94.13907190000009
8 14 92.76993050000056
9 5 94.46956760000012
9 6 93.9619547000002
9 7 92.5302300000003
9 8 93.95289479999974
9 9 96.09822590000022
9 10 91.92392300000029
9 11 91.62459670000044
9 12 93.54254739999942
9 13 93.9698384000003
9 14 92.43019939999976
10 5 89.01130469999953
10 6 90.95400570000129
10 7 90.96808779999992
10 8 90.97230080000008
10 9 93.39450159999978
10 10 98.93906960000095
10 11 91.33501799999976
10 12 90.22283500000049
10 13 91.90949389999878
10 14 91.86893000000055
